000000000000000000000000000000000000000000000000000000
00WWWWWWWW00000000000000000000000000000000000000000000
00W000000W00000000000000000000000000000000000000000000
00W000000W00000000000000000000000000000000000000000000
00W000000W00000000000000000000000000000000000000000000
00WWWWWDWW00000000000000000000000000000000000000000000
000000000000000000000000000000000000000000000000000000
00000P000000000000000000000000000000000000000000000000
000000000000000000000000000000000000000000000000000000
000000000000000000000000000000000000000000000000000000
000000000000000000000000000000000000000000000000000000
000000000000000000000000000000000000000000000000000000
000000000000000000000000000000000000000000000000000000
000000000000000000000000000000000000000000000000000000
000000000000000000000000000000000000000000000000000000
000000000000000000000000000000000000000000000000000000
000000000000000000000000000000000000000000000000000000
000000000000000000000000000000000000000000000000000000
000000000000000000000000000000000000000000000000000000
000000000000000000000000000000000000000000000000000000
000000000000000000000000000000000000000000000000000000
000000000000000000000000000000000000000000000000000000
000000000000000000000000000000000000000000000000000000
000000000000000000000000000000000000000000000000000000